Creating Logger
waiting
Finish coroutine
New tiles for battleship Battleship are : (3,8),(0,8),(1,8),(2,8)
Enemy tiles are:
waiting
New tiles for battleship Destroyer are : (2,2),(1,2),(0,2),(3,2)
Enemy tiles are:(3,8),(0,8),(1,8),(2,8)
waiting
New tiles for battleship Crusier are : (3,10),(0,10),(4,10),(2,10),(1,10)
Enemy tiles are:(3,8),(0,8),(1,8),(2,8),(2,2),(1,2),(0,2),(3,2)
waiting
New tiles for battleship Frigate are : (6,4),(5,4),(4,4)
Enemy tiles are:(3,8),(0,8),(1,8),(2,8),(2,2),(1,2),(0,2),(3,2),(3,10),(0,10),(4,10),(2,10),(1,10)
waiting
New tiles for battleship Corvette are : (7,13),(7,14)
Enemy tiles are:(3,8),(0,8),(1,8),(2,8),(2,2),(1,2),(0,2),(3,2),(3,10),(0,10),(4,10),(2,10),(1,10),(6,4),(5,4),(4,4)
waiting
New tiles for battleship Corvette are : (3,5),(4,5)
Enemy tiles are:(3,8),(0,8),(1,8),(2,8),(2,2),(1,2),(0,2),(3,2),(3,10),(0,10),(4,10),(2,10),(1,10),(6,4),(5,4),(4,4),(7,13),(7,14)
waiting
waiting
New tiles for battleship Corvette are : (7,4),(7,5)
Enemy tiles are:(3,8),(0,8),(1,8),(2,8),(2,2),(1,2),(0,2),(3,2),(3,10),(0,10),(4,10),(2,10),(1,10),(6,4),(5,4),(4,4),(7,13),(7,14),(3,5),(4,5)
waiting
waiting
New tiles for battleship Frigate are : (6,10),(5,10),(4,10)
Enemy tiles are:(3,8),(0,8),(1,8),(2,8),(2,2),(1,2),(0,2),(3,2),(3,10),(0,10),(4,10),(2,10),(1,10),(6,4),(5,4),(4,4),(7,13),(7,14),(3,5),(4,5),(7,4),(7,5)
waiting
waiting
New tiles for battleship Frigate are : (3,7),(4,7),(5,7)
Enemy tiles are:(3,8),(0,8),(1,8),(2,8),(2,2),(1,2),(0,2),(3,2),(3,10),(0,10),(4,10),(2,10),(1,10),(6,4),(5,4),(4,4),(7,13),(7,14),(3,5),(4,5),(7,4),(7,5)
waiting
waiting
New tiles for battleship Crusier are : (7,8),(7,9),(7,10),(7,11),(7,12)
Enemy tiles are:(3,8),(0,8),(1,8),(2,8),(2,2),(1,2),(0,2),(3,2),(3,10),(0,10),(4,10),(2,10),(1,10),(6,4),(5,4),(4,4),(7,13),(7,14),(3,5),(4,5),(7,4),(7,5),(3,7),(4,7),(5,7)
waiting
New tiles for battleship Destroyer are : (6,0),(5,0),(4,0),(3,0)
Enemy tiles are:(3,8),(0,8),(1,8),(2,8),(2,2),(1,2),(0,2),(3,2),(3,10),(0,10),(4,10),(2,10),(1,10),(6,4),(5,4),(4,4),(7,13),(7,14),(3,5),(4,5),(7,4),(7,5),(3,7),(4,7),(5,7),(7,8),(7,9),(7,10),(7,11),(7,12)
waiting
New tiles for battleship Frigate are : (0,6),(1,6)
Enemy tiles are:(3,8),(0,8),(1,8),(2,8),(2,2),(1,2),(0,2),(3,2),(3,10),(0,10),(4,10),(2,10),(1,10),(6,4),(5,4),(4,4),(7,13),(7,14),(3,5),(4,5),(7,4),(7,5),(3,7),(4,7),(5,7),(7,8),(7,9),(7,10),(7,11),(7,12),(6,0),(5,0),(4,0),(3,0)
waiting
waiting
New tiles for battleship Frigate are : (6,2),(6,3),(6,4)
Enemy tiles are:(3,8),(0,8),(1,8),(2,8),(2,2),(1,2),(0,2),(3,2),(3,10),(0,10),(4,10),(2,10),(1,10),(6,4),(5,4),(4,4),(7,13),(7,14),(3,5),(4,5),(7,4),(7,5),(3,7),(4,7),(5,7),(7,8),(7,9),(7,10),(7,11),(7,12),(6,0),(5,0),(4,0),(3,0),(0,6),(1,6)
waiting
waiting
New tiles for battleship Frigate are : (7,6),(7,5),(7,4)
Enemy tiles are:(3,8),(0,8),(1,8),(2,8),(2,2),(1,2),(0,2),(3,2),(3,10),(0,10),(4,10),(2,10),(1,10),(6,4),(5,4),(4,4),(7,13),(7,14),(3,5),(4,5),(7,4),(7,5),(3,7),(4,7),(5,7),(7,8),(7,9),(7,10),(7,11),(7,12),(6,0),(5,0),(4,0),(3,0),(0,6),(1,6)
waiting
New tiles for battleship Frigate are : (8,1),(7,1),(6,1)
Enemy tiles are:(3,8),(0,8),(1,8),(2,8),(2,2),(1,2),(0,2),(3,2),(3,10),(0,10),(4,10),(2,10),(1,10),(6,4),(5,4),(4,4),(7,13),(7,14),(3,5),(4,5),(7,4),(7,5),(3,7),(4,7),(5,7),(7,8),(7,9),(7,10),(7,11),(7,12),(6,0),(5,0),(4,0),(3,0),(0,6),(1,6)
