Creating Logger
waiting
Finish coroutine
New tiles for battleship Battleship are : (5,1),(5,2),(5,3),(5,4),(5,5)
Enemy tiles are:
waiting
waiting
New tiles for battleship Destroyer are : (3,5),(4,5),(1,5),(2,5)
Enemy tiles are:(5,1),(5,2),(5,3),(5,4),(5,5)
waiting
New tiles for battleship Crusier are : (2,12),(2,13),(2,14),(2,15)
Enemy tiles are:(5,1),(5,2),(5,3),(5,4),(5,5),(3,5),(4,5),(1,5),(2,5)
waiting
waiting
New tiles for battleship Frigate are : (6,11),(6,12),(6,13)
Enemy tiles are:(5,1),(5,2),(5,3),(5,4),(5,5),(3,5),(4,5),(1,5),(2,5),(2,12),(2,13),(2,14),(2,15)
waiting
New tiles for battleship Corvette are : (6,8),(6,9)
Enemy tiles are:(5,1),(5,2),(5,3),(5,4),(5,5),(3,5),(4,5),(1,5),(2,5),(2,12),(2,13),(2,14),(2,15),(6,11),(6,12),(6,13)
waiting
New tiles for battleship Destroyer are : (1,0),(1,1),(1,2)
Enemy tiles are:(5,1),(5,2),(5,3),(5,4),(5,5),(3,5),(4,5),(1,5),(2,5),(2,12),(2,13),(2,14),(2,15),(6,11),(6,12),(6,13),(6,8),(6,9)
waiting
waiting
New tiles for battleship Crusier are : (6,3),(8,3),(9,3),(7,3)
Enemy tiles are:(5,1),(5,2),(5,3),(5,4),(5,5),(3,5),(4,5),(1,5),(2,5),(2,12),(2,13),(2,14),(2,15),(6,11),(6,12),(6,13),(6,8),(6,9),(1,0),(1,1),(1,2)
waiting
waiting
New tiles for battleship Frigate are : (6,1),(7,1),(8,1)
Enemy tiles are:(5,1),(5,2),(5,3),(5,4),(5,5),(3,5),(4,5),(1,5),(2,5),(2,12),(2,13),(2,14),(2,15),(6,11),(6,12),(6,13),(6,8),(6,9),(1,0),(1,1),(1,2),(6,3),(8,3),(9,3),(7,3)
waiting
waiting
New tiles for battleship Frigate are : (1,10),(2,10),(3,10)
Enemy tiles are:(5,1),(5,2),(5,3),(5,4),(5,5),(3,5),(4,5),(1,5),(2,5),(2,12),(2,13),(2,14),(2,15),(6,11),(6,12),(6,13),(6,8),(6,9),(1,0),(1,1),(1,2),(6,3),(8,3),(9,3),(7,3),(6,1),(7,1),(8,1)
waiting
New tiles for battleship Frigate are : (3,12),(3,13),(3,14)
Enemy tiles are:(5,1),(5,2),(5,3),(5,4),(5,5),(3,5),(4,5),(1,5),(2,5),(2,12),(2,13),(2,14),(2,15),(6,11),(6,12),(6,13),(6,8),(6,9),(1,0),(1,1),(1,2),(6,3),(8,3),(9,3),(7,3),(6,1),(7,1),(8,1),(1,10),(2,10),(3,10)
waiting
waiting
New tiles for battleship Corvette are : (3,8),(3,9)
Enemy tiles are:(5,1),(5,2),(5,3),(5,4),(5,5),(3,5),(4,5),(1,5),(2,5),(2,12),(2,13),(2,14),(2,15),(6,11),(6,12),(6,13),(6,8),(6,9),(1,0),(1,1),(1,2),(6,3),(8,3),(9,3),(7,3),(6,1),(7,1),(8,1),(1,10),(2,10),(3,10),(3,12),(3,13),(3,14)
waiting
waiting
New tiles for battleship Corvette are : (6,11),(5,11)
Enemy tiles are:(5,1),(5,2),(5,3),(5,4),(5,5),(3,5),(4,5),(1,5),(2,5),(2,12),(2,13),(2,14),(2,15),(6,11),(6,12),(6,13),(6,8),(6,9),(1,0),(1,1),(1,2),(6,3),(8,3),(9,3),(7,3),(6,1),(7,1),(8,1),(1,10),(2,10),(3,10),(3,12),(3,13),(3,14),(3,8),(3,9)
waiting
waiting
New tiles for battleship Corvette are : (5,5),(5,4)
Enemy tiles are:(5,1),(5,2),(5,3),(5,4),(5,5),(3,5),(4,5),(1,5),(2,5),(2,12),(2,13),(2,14),(2,15),(6,11),(6,12),(6,13),(6,8),(6,9),(1,0),(1,1),(1,2),(6,3),(8,3),(9,3),(7,3),(6,1),(7,1),(8,1),(1,10),(2,10),(3,10),(3,12),(3,13),(3,14),(3,8),(3,9)
waiting
New tiles for battleship Corvette are : (6,1),(6,0)
Enemy tiles are:(5,1),(5,2),(5,3),(5,4),(5,5),(3,5),(4,5),(1,5),(2,5),(2,12),(2,13),(2,14),(2,15),(6,11),(6,12),(6,13),(6,8),(6,9),(1,0),(1,1),(1,2),(6,3),(8,3),(9,3),(7,3),(6,1),(7,1),(8,1),(1,10),(2,10),(3,10),(3,12),(3,13),(3,14),(3,8),(3,9)
waiting
New tiles for battleship Corvette are : (1,2),(0,2)
Enemy tiles are:(5,1),(5,2),(5,3),(5,4),(5,5),(3,5),(4,5),(1,5),(2,5),(2,12),(2,13),(2,14),(2,15),(6,11),(6,12),(6,13),(6,8),(6,9),(1,0),(1,1),(1,2),(6,3),(8,3),(9,3),(7,3),(6,1),(7,1),(8,1),(1,10),(2,10),(3,10),(3,12),(3,13),(3,14),(3,8),(3,9)
waiting
waiting
New tiles for battleship Corvette are : (2,13),(3,13)
Enemy tiles are:(5,1),(5,2),(5,3),(5,4),(5,5),(3,5),(4,5),(1,5),(2,5),(2,12),(2,13),(2,14),(2,15),(6,11),(6,12),(6,13),(6,8),(6,9),(1,0),(1,1),(1,2),(6,3),(8,3),(9,3),(7,3),(6,1),(7,1),(8,1),(1,10),(2,10),(3,10),(3,12),(3,13),(3,14),(3,8),(3,9)
waiting
New tiles for battleship Corvette are : (5,1),(5,0)
Enemy tiles are:(5,1),(5,2),(5,3),(5,4),(5,5),(3,5),(4,5),(1,5),(2,5),(2,12),(2,13),(2,14),(2,15),(6,11),(6,12),(6,13),(6,8),(6,9),(1,0),(1,1),(1,2),(6,3),(8,3),(9,3),(7,3),(6,1),(7,1),(8,1),(1,10),(2,10),(3,10),(3,12),(3,13),(3,14),(3,8),(3,9)
waiting
waiting
New tiles for battleship Corvette are : (3,10),(3,9)
Enemy tiles are:(5,1),(5,2),(5,3),(5,4),(5,5),(3,5),(4,5),(1,5),(2,5),(2,12),(2,13),(2,14),(2,15),(6,11),(6,12),(6,13),(6,8),(6,9),(1,0),(1,1),(1,2),(6,3),(8,3),(9,3),(7,3),(6,1),(7,1),(8,1),(1,10),(2,10),(3,10),(3,12),(3,13),(3,14),(3,8),(3,9)
waiting
waiting
New tiles for battleship Corvette are : (3,12),(3,11)
Enemy tiles are:(5,1),(5,2),(5,3),(5,4),(5,5),(3,5),(4,5),(1,5),(2,5),(2,12),(2,13),(2,14),(2,15),(6,11),(6,12),(6,13),(6,8),(6,9),(1,0),(1,1),(1,2),(6,3),(8,3),(9,3),(7,3),(6,1),(7,1),(8,1),(1,10),(2,10),(3,10),(3,12),(3,13),(3,14),(3,8),(3,9)
waiting
waiting
New tiles for battleship Corvette are : (6,14),(6,13)
Enemy tiles are:(5,1),(5,2),(5,3),(5,4),(5,5),(3,5),(4,5),(1,5),(2,5),(2,12),(2,13),(2,14),(2,15),(6,11),(6,12),(6,13),(6,8),(6,9),(1,0),(1,1),(1,2),(6,3),(8,3),(9,3),(7,3),(6,1),(7,1),(8,1),(1,10),(2,10),(3,10),(3,12),(3,13),(3,14),(3,8),(3,9)
waiting
New tiles for battleship Corvette are : (4,11),(4,10)
Enemy tiles are:(5,1),(5,2),(5,3),(5,4),(5,5),(3,5),(4,5),(1,5),(2,5),(2,12),(2,13),(2,14),(2,15),(6,11),(6,12),(6,13),(6,8),(6,9),(1,0),(1,1),(1,2),(6,3),(8,3),(9,3),(7,3),(6,1),(7,1),(8,1),(1,10),(2,10),(3,10),(3,12),(3,13),(3,14),(3,8),(3,9)
